[0,0,17,1,0,0,0,13,0,26,8,3,7,19,0,26,1,20,0]
7.20921473616
0
[1,0,17,1,0,0,0,13,0,26,8,3,7,19,0,26,1,20,0]
7.20915567299
1
[2,0,17,1,0,0,0,13,0,26,8,3,7,19,0,26,1,20,0]
7.2029234511
2
[3,0,17,1,0,0,0,13,0,26,8,3,7,19,0,26,1,20,0]
7.2871347883
3
[4,0,17,1,0,0,0,13,0,26,8,3,7,19,0,26,1,20,0]
7.24957689859
4
[5,0,17,1,0,0,0,13,0,26,8,3,7,19,0,26,1,20,0]
7.22900011086
5
[6,0,17,1,0,0,0,13,0,26,8,3,7,19,0,26,1,20,0]
7.21735203406
6
[7,0,17,1,0,0,0,13,0,26,8,3,7,19,0,26,1,20,0]
7.22316956531
7
[8,0,17,1,0,0,0,13,0,26,8,3,7,19,0,26,1,20,0]
7.22587888559
8
[9,0,17,1,0,0,0,13,0,26,8,3,7,19,0,26,1,20,0]
6.78703999236
9
[10,0,17,1,0,0,0,13,0,26,8,3,7,19,0,26,1,20,0]
6.76010509442
10
[11,0,17,1,0,0,0,13,0,26,8,3,7,19,0,26,1,20,0]
6.69570527019
11
[12,0,17,1,0,0,0,13,0,26,8,3,7,19,0,26,1,20,0]
6.71018333781
12
[13,0,17,1,0,0,0,13,0,26,8,3,7,19,0,26,1,20,0]
6.65663554989
13
[14,0,17,1,0,0,0,13,0,26,8,3,7,19,0,26,1,20,0]
6.63640914018
14
[15,0,17,1,0,0,0,13,0,26,8,3,7,19,0,26,1,20,0]
6.63640914018
15
[16,0,17,1,0,0,0,13,0,26,8,3,7,19,0,26,1,20,0]
6.63640914018
16
[17,0,17,1,0,0,0,13,0,26,8,3,7,19,0,26,1,20,0]
6.63640914018
17
[18,0,17,1,0,0,0,13,0,26,8,3,7,19,0,26,1,20,0]
6.63640914018
18
[19,0,17,1,0,0,0,13,0,26,8,3,7,19,0,26,1,20,0]
6.63640914018
19
[20,0,17,1,0,0,0,13,0,26,8,3,7,19,0,26,1,20,0]
6.63640914018
20
[21,0,17,1,0,0,0,13,0,26,8,3,7,19,0,26,1,20,0]
6.63640914018
21
[22,0,17,1,0,0,0,13,0,26,8,3,7,19,0,26,1,20,0]
6.63640914018
22
[23,0,17,1,0,0,0,13,0,26,8,3,7,19,0,26,1,20,0]
6.63640914018
23
[24,0,17,1,0,0,0,13,0,26,8,3,7,19,0,26,1,20,0]
6.63640914018
24
[25,0,17,1,0,0,0,13,0,26,8,3,7,19,0,26,1,20,0]
6.63640914018
25
[26,0,17,1,0,0,0,13,0,26,8,3,7,19,0,26,1,20,0]
6.63640914018
26
[27,0,17,1,0,0,0,13,0,26,8,3,7,19,0,26,1,20,0]
6.63640914018
27
[28,0,17,1,0,0,0,13,0,26,8,3,7,19,0,26,1,20,0]
6.63640914018
28
[29,0,17,1,0,0,0,13,0,26,8,3,7,19,0,26,1,20,0]
6.63640914018
29
final:[9,0,17,1,0,0,0,13,0,26,8,3,7,19,0,26,1,20,0]
6.78703999236
,9,[5, 0, 17, 1, 0, 0, 0, 13, 0, 26, 8, 3, 7, 19, 0, 26, 1, 20, 0]