[9,9,9,9,0,0,0,13,0,26,8,3,7,19,0,26,1,20,0]
7.04532173591
0
[9,9,9,9,1,0,0,13,0,26,8,3,7,19,0,26,1,20,0]
7.06821983298
1
[9,9,9,9,2,0,0,13,0,26,8,3,7,19,0,26,1,20,0]
7.06821983298
2
[9,9,9,9,3,0,0,13,0,26,8,3,7,19,0,26,1,20,0]
7.06918697904
3
[9,9,9,9,4,0,0,13,0,26,8,3,7,19,0,26,1,20,0]
7.06918697904
4
[9,9,9,9,5,0,0,13,0,26,8,3,7,19,0,26,1,20,0]
7.06477065068
5
[9,9,9,9,6,0,0,13,0,26,8,3,7,19,0,26,1,20,0]
7.06477065068
6
[9,9,9,9,7,0,0,13,0,26,8,3,7,19,0,26,1,20,0]
7.06477065068
7
[9,9,9,9,8,0,0,13,0,26,8,3,7,19,0,26,1,20,0]
7.06477065068
8
[9,9,9,9,9,0,0,13,0,26,8,3,7,19,0,26,1,20,0]
7.06477065068
9
[9,9,9,9,10,0,0,13,0,26,8,3,7,19,0,26,1,20,0]
7.06477065068
10
[9,9,9,9,11,0,0,13,0,26,8,3,7,19,0,26,1,20,0]
7.06477065068
11
[9,9,9,9,12,0,0,13,0,26,8,3,7,19,0,26,1,20,0]
7.06477065068
12
[9,9,9,9,13,0,0,13,0,26,8,3,7,19,0,26,1,20,0]
7.06477065068
13
[9,9,9,9,14,0,0,13,0,26,8,3,7,19,0,26,1,20,0]
7.06477065068
14
[9,9,9,9,15,0,0,13,0,26,8,3,7,19,0,26,1,20,0]
7.06477065068
15
[9,9,9,9,16,0,0,13,0,26,8,3,7,19,0,26,1,20,0]
7.06477065068
16
[9,9,9,9,17,0,0,13,0,26,8,3,7,19,0,26,1,20,0]
7.06477065068
17
[9,9,9,9,18,0,0,13,0,26,8,3,7,19,0,26,1,20,0]
7.06477065068
18
[9,9,9,9,19,0,0,13,0,26,8,3,7,19,0,26,1,20,0]
7.06477065068
19
[9,9,9,9,20,0,0,13,0,26,8,3,7,19,0,26,1,20,0]
7.06477065068
20
[9,9,9,9,21,0,0,13,0,26,8,3,7,19,0,26,1,20,0]
7.06477065068
21
[9,9,9,9,22,0,0,13,0,26,8,3,7,19,0,26,1,20,0]
7.06477065068
22
[9,9,9,9,23,0,0,13,0,26,8,3,7,19,0,26,1,20,0]
7.06477065068
23
[9,9,9,9,24,0,0,13,0,26,8,3,7,19,0,26,1,20,0]
7.06477065068
24
[9,9,9,9,25,0,0,13,0,26,8,3,7,19,0,26,1,20,0]
7.06477065068
25
[9,9,9,9,26,0,0,13,0,26,8,3,7,19,0,26,1,20,0]
7.06477065068
26
[9,9,9,9,27,0,0,13,0,26,8,3,7,19,0,26,1,20,0]
7.06477065068
27
[9,9,9,9,28,0,0,13,0,26,8,3,7,19,0,26,1,20,0]
7.06477065068
28
[9,9,9,9,29,0,0,13,0,26,8,3,7,19,0,26,1,20,0]
7.06477065068
29
final:[9,9,9,9,9,0,0,13,0,26,8,3,7,19,0,26,1,20,0]
7.06477065068
,9,[9, 9, 9, 9, 0, 0, 0, 13, 0, 26, 8, 3, 7, 19, 0, 26, 1, 20, 0]