8.472775988050
8.472775988051
8.482221880852
8.482221880853
8.345777304114
8.345777304115
8.345777304116
8.345777304117
8.345777304118
8.345777304119
8.3457773041110
8.3457773041111
8.3457773041112
8.3457773041113
8.3457773041114
8.3457773041115
8.3457773041116
8.3457773041117
8.3457773041118
8.3457773041119
8.3457773041120
8.3457773041121
8.3457773041122
8.3457773041123
8.3457773041124
8.3457773041125
8.3457773041126
8.3457773041127
8.3457773041128
8.3457773041129
final:8.48222188085,2,[5, 6, 13, 1, 1, 2, 22, 13, 9, 16, 21, 16, 6, 11, 5, 25, 1, 22, 0]8.635573990290
8.633995113971
8.633995113972
8.633995113973
8.414555834764
8.414555834765
8.414555834766
8.414555834767
8.414555834768
8.414555834769
8.4145558347610
8.4145558347611
8.4145558347612
8.4145558347613
8.4145558347614
8.4145558347615
8.4145558347616
8.4145558347617
8.4145558347618
8.4145558347619
8.4145558347620
8.4145558347621
8.4145558347622
8.4145558347623
8.4145558347624
8.4145558347625
8.4145558347626
8.4145558347627
8.4145558347628
8.4145558347629
final:8.63557399029,0,[5, 6, 9, 1, 1, 2, 22, 13, 9, 16, 20, 19, 6, 10, 4, 25, 1, 22, 0]8.640809057060
8.639224967841
8.639224967842
8.639224967843
8.401956158174
8.401956158175
8.401956158176
8.401956158177
8.401956158178
8.401956158179
8.4019561581710
8.4019561581711
8.4019561581712
8.4019561581713
8.4019561581714
8.4019561581715
8.4019561581716
8.4019561581717
8.4019561581718
8.4019561581719
8.4019561581720
8.4019561581721
8.4019561581722
8.4019561581723
8.4019561581724
8.4019561581725
8.4019561581726
8.4019561581727
8.4019561581728
8.4019561581729
final:8.64080905706,0,[5, 6, 9, 1, 1, 0, 22, 9, 9, 16, 20, 19, 6, 10, 4, 25, 1, 22, 8]