[9,9,9,0,0,0,0,13,0,26,8,3,7,19,0,26,1,20,0]
7.01678417817
0
[9,9,9,1,0,0,0,13,0,26,8,3,7,19,0,26,1,20,0]
7.04532173591
1
[9,9,9,2,0,0,0,13,0,26,8,3,7,19,0,26,1,20,0]
7.04532173591
2
[9,9,9,3,0,0,0,13,0,26,8,3,7,19,0,26,1,20,0]
7.04532173591
3
[9,9,9,4,0,0,0,13,0,26,8,3,7,19,0,26,1,20,0]
7.04532173591
4
[9,9,9,5,0,0,0,13,0,26,8,3,7,19,0,26,1,20,0]
7.04532173591
5
[9,9,9,6,0,0,0,13,0,26,8,3,7,19,0,26,1,20,0]
7.04532173591
6
[9,9,9,7,0,0,0,13,0,26,8,3,7,19,0,26,1,20,0]
7.04532173591
7
[9,9,9,8,0,0,0,13,0,26,8,3,7,19,0,26,1,20,0]
7.04532173591
8
[9,9,9,9,0,0,0,13,0,26,8,3,7,19,0,26,1,20,0]
7.04532173591
9
[9,9,9,10,0,0,0,13,0,26,8,3,7,19,0,26,1,20,0]
7.04532173591
10
[9,9,9,11,0,0,0,13,0,26,8,3,7,19,0,26,1,20,0]
7.04532173591
11
[9,9,9,12,0,0,0,13,0,26,8,3,7,19,0,26,1,20,0]
7.04532173591
12
[9,9,9,13,0,0,0,13,0,26,8,3,7,19,0,26,1,20,0]
7.04532173591
13
[9,9,9,14,0,0,0,13,0,26,8,3,7,19,0,26,1,20,0]
7.04532173591
14
[9,9,9,15,0,0,0,13,0,26,8,3,7,19,0,26,1,20,0]
7.04532173591
15
[9,9,9,16,0,0,0,13,0,26,8,3,7,19,0,26,1,20,0]
7.04532173591
16
[9,9,9,17,0,0,0,13,0,26,8,3,7,19,0,26,1,20,0]
7.04532173591
17
[9,9,9,18,0,0,0,13,0,26,8,3,7,19,0,26,1,20,0]
7.04532173591
18
[9,9,9,19,0,0,0,13,0,26,8,3,7,19,0,26,1,20,0]
7.04532173591
19
[9,9,9,20,0,0,0,13,0,26,8,3,7,19,0,26,1,20,0]
7.04532173591
20
[9,9,9,21,0,0,0,13,0,26,8,3,7,19,0,26,1,20,0]
7.04532173591
21
[9,9,9,22,0,0,0,13,0,26,8,3,7,19,0,26,1,20,0]
7.04532173591
22
[9,9,9,23,0,0,0,13,0,26,8,3,7,19,0,26,1,20,0]
7.04532173591
23
[9,9,9,24,0,0,0,13,0,26,8,3,7,19,0,26,1,20,0]
7.04532173591
24
[9,9,9,25,0,0,0,13,0,26,8,3,7,19,0,26,1,20,0]
7.04532173591
25
[9,9,9,26,0,0,0,13,0,26,8,3,7,19,0,26,1,20,0]
7.04532173591
26
[9,9,9,27,0,0,0,13,0,26,8,3,7,19,0,26,1,20,0]
7.04532173591
27
[9,9,9,28,0,0,0,13,0,26,8,3,7,19,0,26,1,20,0]
7.04532173591
28
[9,9,9,29,0,0,0,13,0,26,8,3,7,19,0,26,1,20,0]
7.04532173591
29
final:[9,9,9,9,0,0,0,13,0,26,8,3,7,19,0,26,1,20,0]
7.04532173591
,9,[9, 9, 9, 1, 0, 0, 0, 13, 0, 26, 8, 3, 7, 19, 0, 26, 1, 20, 0]