[9,0,17,1,0,0,0,13,0,26,8,3,7,19,0,26,1,20,0]
6.78703999236
0
[9,1,17,1,0,0,0,13,0,26,8,3,7,19,0,26,1,20,0]
6.78703999236
1
[9,2,17,1,0,0,0,13,0,26,8,3,7,19,0,26,1,20,0]
7.11189252919
2
[9,3,17,1,0,0,0,13,0,26,8,3,7,19,0,26,1,20,0]
6.92389382976
3
[9,4,17,1,0,0,0,13,0,26,8,3,7,19,0,26,1,20,0]
7.07473272648
4
[9,5,17,1,0,0,0,13,0,26,8,3,7,19,0,26,1,20,0]
6.96571990391
5
[9,6,17,1,0,0,0,13,0,26,8,3,7,19,0,26,1,20,0]
7.02686113389
6
[9,7,17,1,0,0,0,13,0,26,8,3,7,19,0,26,1,20,0]
6.97479172815
7
[9,8,17,1,0,0,0,13,0,26,8,3,7,19,0,26,1,20,0]
6.97479172815
8
[9,9,17,1,0,0,0,13,0,26,8,3,7,19,0,26,1,20,0]
6.99148081865
9
[9,10,17,1,0,0,0,13,0,26,8,3,7,19,0,26,1,20,0]
6.99148081865
10
[9,11,17,1,0,0,0,13,0,26,8,3,7,19,0,26,1,20,0]
6.99148081865
11
[9,12,17,1,0,0,0,13,0,26,8,3,7,19,0,26,1,20,0]
6.87679592539
12
[9,13,17,1,0,0,0,13,0,26,8,3,7,19,0,26,1,20,0]
6.87679592539
13
[9,14,17,1,0,0,0,13,0,26,8,3,7,19,0,26,1,20,0]
6.87679592539
14
[9,15,17,1,0,0,0,13,0,26,8,3,7,19,0,26,1,20,0]
6.87679592539
15
[9,16,17,1,0,0,0,13,0,26,8,3,7,19,0,26,1,20,0]
6.87679592539
16
[9,17,17,1,0,0,0,13,0,26,8,3,7,19,0,26,1,20,0]
6.87679592539
17
[9,18,17,1,0,0,0,13,0,26,8,3,7,19,0,26,1,20,0]
6.87679592539
18
[9,19,17,1,0,0,0,13,0,26,8,3,7,19,0,26,1,20,0]
6.87679592539
19
[9,20,17,1,0,0,0,13,0,26,8,3,7,19,0,26,1,20,0]
6.87679592539
20
[9,21,17,1,0,0,0,13,0,26,8,3,7,19,0,26,1,20,0]
6.87679592539
21
[9,22,17,1,0,0,0,13,0,26,8,3,7,19,0,26,1,20,0]
6.87679592539
22
[9,23,17,1,0,0,0,13,0,26,8,3,7,19,0,26,1,20,0]
6.87679592539
23
[9,24,17,1,0,0,0,13,0,26,8,3,7,19,0,26,1,20,0]
6.87679592539
24
[9,25,17,1,0,0,0,13,0,26,8,3,7,19,0,26,1,20,0]
6.87679592539
25
[9,26,17,1,0,0,0,13,0,26,8,3,7,19,0,26,1,20,0]
6.87679592539
26
[9,27,17,1,0,0,0,13,0,26,8,3,7,19,0,26,1,20,0]
6.87679592539
27
[9,28,17,1,0,0,0,13,0,26,8,3,7,19,0,26,1,20,0]
6.87679592539
28
[9,29,17,1,0,0,0,13,0,26,8,3,7,19,0,26,1,20,0]
6.87679592539
29
final:[9,9,17,1,0,0,0,13,0,26,8,3,7,19,0,26,1,20,0]
6.99148081865
,9,[9, 0, 17, 1, 0, 0, 0, 13, 0, 26, 8, 3, 7, 19, 0, 26, 1, 20, 0]