[9,9,9,9,9,9,9,0,0,26,8,3,7,19,0,26,1,20,0]
6.6262099793
0
[9,9,9,9,9,9,9,1,0,26,8,3,7,19,0,26,1,20,0]
6.7380914751
1
[9,9,9,9,9,9,9,2,0,26,8,3,7,19,0,26,1,20,0]
6.78347788677
2
[9,9,9,9,9,9,9,3,0,26,8,3,7,19,0,26,1,20,0]
7.1121110499
3
[9,9,9,9,9,9,9,4,0,26,8,3,7,19,0,26,1,20,0]
7.16426428672
4
[9,9,9,9,9,9,9,5,0,26,8,3,7,19,0,26,1,20,0]
7.16079388961
5
[9,9,9,9,9,9,9,6,0,26,8,3,7,19,0,26,1,20,0]
7.04128107373
6
[9,9,9,9,9,9,9,7,0,26,8,3,7,19,0,26,1,20,0]
6.98576573296
7
[9,9,9,9,9,9,9,8,0,26,8,3,7,19,0,26,1,20,0]
6.98391223543
8
[9,9,9,9,9,9,9,9,0,26,8,3,7,19,0,26,1,20,0]
7.02337210091
9
[9,9,9,9,9,9,9,10,0,26,8,3,7,19,0,26,1,20,0]
7.00413001887
10
[9,9,9,9,9,9,9,11,0,26,8,3,7,19,0,26,1,20,0]
6.9920010977
11
[9,9,9,9,9,9,9,12,0,26,8,3,7,19,0,26,1,20,0]
6.98433878017
12
[9,9,9,9,9,9,9,13,0,26,8,3,7,19,0,26,1,20,0]
6.98765004188
13
[9,9,9,9,9,9,9,14,0,26,8,3,7,19,0,26,1,20,0]
6.984688416
14
[9,9,9,9,9,9,9,15,0,26,8,3,7,19,0,26,1,20,0]
6.98593580383
15
[9,9,9,9,9,9,9,16,0,26,8,3,7,19,0,26,1,20,0]
6.97703092753
16
[9,9,9,9,9,9,9,17,0,26,8,3,7,19,0,26,1,20,0]
6.96834295956
17
[9,9,9,9,9,9,9,18,0,26,8,3,7,19,0,26,1,20,0]
6.95688519368
18
[9,9,9,9,9,9,9,19,0,26,8,3,7,19,0,26,1,20,0]
6.95688519368
19
[9,9,9,9,9,9,9,20,0,26,8,3,7,19,0,26,1,20,0]
6.95688519368
20
[9,9,9,9,9,9,9,21,0,26,8,3,7,19,0,26,1,20,0]
6.95688519368
21
[9,9,9,9,9,9,9,22,0,26,8,3,7,19,0,26,1,20,0]
6.95688519368
22
[9,9,9,9,9,9,9,23,0,26,8,3,7,19,0,26,1,20,0]
6.95688519368
23
[9,9,9,9,9,9,9,24,0,26,8,3,7,19,0,26,1,20,0]
6.95688519368
24
[9,9,9,9,9,9,9,25,0,26,8,3,7,19,0,26,1,20,0]
6.95688519368
25
[9,9,9,9,9,9,9,26,0,26,8,3,7,19,0,26,1,20,0]
6.95688519368
26
[9,9,9,9,9,9,9,27,0,26,8,3,7,19,0,26,1,20,0]
6.95688519368
27
[9,9,9,9,9,9,9,28,0,26,8,3,7,19,0,26,1,20,0]
6.95688519368
28
[9,9,9,9,9,9,9,29,0,26,8,3,7,19,0,26,1,20,0]
6.95688519368
29
final:[9,9,9,9,9,9,9,9,0,26,8,3,7,19,0,26,1,20,0]
7.02337210091
,9,[9, 9, 9, 9, 9, 9, 9, 13, 0, 26, 8, 3, 7, 19, 0, 26, 1, 20, 0]