[9,9,9,9,9,9,0,13,0,26,8,3,7,19,0,26,1,20,0]
7.04952384873
0
[9,9,9,9,9,9,1,13,0,26,8,3,7,19,0,26,1,20,0]
7.04952384873
1
[9,9,9,9,9,9,2,13,0,26,8,3,7,19,0,26,1,20,0]
7.04952384873
2
[9,9,9,9,9,9,3,13,0,26,8,3,7,19,0,26,1,20,0]
7.04952384873
3
[9,9,9,9,9,9,4,13,0,26,8,3,7,19,0,26,1,20,0]
7.04952384873
4
[9,9,9,9,9,9,5,13,0,26,8,3,7,19,0,26,1,20,0]
7.04952384873
5
[9,9,9,9,9,9,6,13,0,26,8,3,7,19,0,26,1,20,0]
7.04952384873
6
[9,9,9,9,9,9,7,13,0,26,8,3,7,19,0,26,1,20,0]
7.04952384873
7
[9,9,9,9,9,9,8,13,0,26,8,3,7,19,0,26,1,20,0]
6.97303437255
8
[9,9,9,9,9,9,9,13,0,26,8,3,7,19,0,26,1,20,0]
6.98765004188
9
[9,9,9,9,9,9,10,13,0,26,8,3,7,19,0,26,1,20,0]
7.24639491618
10
[9,9,9,9,9,9,11,13,0,26,8,3,7,19,0,26,1,20,0]
7.10578834294
11
[9,9,9,9,9,9,12,13,0,26,8,3,7,19,0,26,1,20,0]
7.10578834294
12
[9,9,9,9,9,9,13,13,0,26,8,3,7,19,0,26,1,20,0]
7.10578834294
13
[9,9,9,9,9,9,14,13,0,26,8,3,7,19,0,26,1,20,0]
7.10578834294
14
[9,9,9,9,9,9,15,13,0,26,8,3,7,19,0,26,1,20,0]
7.10578834294
15
[9,9,9,9,9,9,16,13,0,26,8,3,7,19,0,26,1,20,0]
7.10578834294
16
[9,9,9,9,9,9,17,13,0,26,8,3,7,19,0,26,1,20,0]
7.10578834294
17
[9,9,9,9,9,9,18,13,0,26,8,3,7,19,0,26,1,20,0]
7.10578834294
18
[9,9,9,9,9,9,19,13,0,26,8,3,7,19,0,26,1,20,0]
7.10578834294
19
[9,9,9,9,9,9,20,13,0,26,8,3,7,19,0,26,1,20,0]
7.10578834294
20
[9,9,9,9,9,9,21,13,0,26,8,3,7,19,0,26,1,20,0]
7.10578834294
21
[9,9,9,9,9,9,22,13,0,26,8,3,7,19,0,26,1,20,0]
7.10578834294
22
[9,9,9,9,9,9,23,13,0,26,8,3,7,19,0,26,1,20,0]
7.10578834294
23
[9,9,9,9,9,9,24,13,0,26,8,3,7,19,0,26,1,20,0]
7.10578834294
24
[9,9,9,9,9,9,25,13,0,26,8,3,7,19,0,26,1,20,0]
7.10578834294
25
[9,9,9,9,9,9,26,13,0,26,8,3,7,19,0,26,1,20,0]
7.10578834294
26
[9,9,9,9,9,9,27,13,0,26,8,3,7,19,0,26,1,20,0]
7.10578834294
27
[9,9,9,9,9,9,28,13,0,26,8,3,7,19,0,26,1,20,0]
7.10578834294
28
[9,9,9,9,9,9,29,13,0,26,8,3,7,19,0,26,1,20,0]
7.10578834294
29
final:[9,9,9,9,9,9,9,13,0,26,8,3,7,19,0,26,1,20,0]
6.98765004188
,9,[9, 9, 9, 9, 9, 9, 0, 13, 0, 26, 8, 3, 7, 19, 0, 26, 1, 20, 0]