8.066477732270
7.971051029681
7.970835837822
8.246127525463
8.20499614674
8.277418154675
8.274790098556
8.429546298547
8.38351036088
8.481620471389
8.4813919386610
8.4813971171711
8.4813969967412
8.4822218808513
8.4717129266314
8.4717128864715
8.4725836034816
8.466498116217
8.466498116218
8.466473394319
8.4529100503520
8.4529100503521
8.4529100503522
8.4529100503523
8.4529100503524
8.4529100503525
8.4529100503526
8.4529100503527
8.4524654794328
8.45361700329
final:8.48222188085,13,[5, 6, 13, 1, 1, 2, 22, 13, 9, 16, 21, 16, 6, 11, 5, 25, 1, 22, 0]8.06933015420
8.272328040751
8.288128138792
8.365711113893
8.316719136244
8.268330953125
8.302977205386
8.333572888917
8.498768771778
8.633995113979
8.6332695643310
8.6332695643311
8.6287140763812
8.6289581592413
8.6267153749314
8.6267155641815
8.6220882197816
8.6210385959217
8.616010677718
8.6152948549519
8.6055749967120
8.6055750203521
8.6055750203522
8.6055750203523
8.6055748565824
8.6055748667125
8.6055748667126
8.6065294596827
8.6065294596828
8.6062742095929
final:8.63399511397,9,[5, 6, 13, 1, 1, 2, 22, 13, 9, 16, 20, 19, 6, 10, 4, 25, 1, 22, 0]8.073171033510
8.317782983361
8.336722753152
8.258496820963
8.179669285574
8.115816295275
8.227703987886
8.332781563197
8.508261424148
8.640809057069
8.6407912866510
8.6407912866511
8.6362053567412
8.6358069046313
8.6293801862114
8.6293803755215
8.6249904136816
8.6237264595117
8.6182670101218
8.6181829770419
8.6074047696520
8.6072755016121
8.6072755016122
8.6072755016123
8.6074046987324
8.6074047088625
8.6074047088626
8.6083594375927
8.6083594375928
8.6081041350429
final:8.64080905706,9,[5, 6, 9, 1, 1, 0, 22, 9, 9, 16, 20, 19, 6, 10, 4, 25, 1, 22, 8]